Lizard
0
1
100
400
1000
30
10
Lizard
0
2
100
400
100
30
10
Big Lizard
0
3
150
800
10000
50
30
Skeleton
1
4
400
400
500
30
10
Skeleton
1
5
400
400
500
30
10
Skeleton Captain
1
6
700
800
10000
50
30
Grim Reaper
2
7
1000
1000
10000
30
30
Poisonous Monster Spider
3
8
400
400
500
30
10
Large Centipede
3
9
700
300
500
60
10
Big Moth
3
10
150
800
10000
50
30
Tiger
4
11
500
800
1000
50
10
Alpha Tiger
4
12
700
1200
3000
70
40
Lion King
5
13
1000
5000
30000
80
100
Weak Skeleton
5
14
10
100
30000
8
100
Zombie
6
15
300
5000
1000
30
100
Zombie
6
16
300
5000
1000
30
100
Zombie
6
17
300
5000
1000
30
100
Mutated Zombie
6
18
500
7000
10000
50
100
Lizard
7
19
600
1000
1000
100
10
Lizard
7
20
600
1000
1000
100
10
Big Lizard
7
21
600
2000
1000
120
10
Skeleton
8
22
800
700
1000
60
10
Skeleton
8
23
800
700
1000
60
10
Giant Skeleton
8
24
850
1000
1000
70
10
Poisonous Monster Spider
9
25
500
1000
500
50
10
Large Centipede
9
26
800
500
500
60
10
Big Moth
9
27
300
6000
10000
70
30
Treasure Guard
10
28
1500
5000
10000
200
60
Tiger
11
29
600
1000
1000
40
10
Alpha Tiger
11
30
700
3000
3000
70
40
Skeleton
12
31
400
400
500
30
10
Skeleton
12
32
400
400
500
30
10
Skeleton Captain
12
33
700
800
10000
50
30
Poisonous Monster Spider
13
34
400
400
500
30
10
Large Centipede
13
35
700
300
500
60
10
Big Moth
13
36
150
800
10000
50
30
Tiger
14
37
500
800
1000
50
10
Alpha Tiger
14
38
700
1200
3000
70
40
Zombie
15
39
300
5000
1000
30
100
Zombie
15
40
300
5000
1000
30
100
Zombie
15
41
300
5000
1000
30
100
Mutated Zombie
15
42
500
7000
10000
50
100
Treasure Guard
16
43
2000
5000
10000
200
30
Lizard
17
44
600
1000
1000
100
10
Lizard
17
45
600
1000
1000
100
10
Big Lizard
17
46
600
2000
1000
120
10
Treasure Guard
18
47
2000
5000
10000
200
30
Poisonous Monster Spider
19
48
800
1500
500
100
10
Large Centipede
19
49
900
800
500
120
10
Big Moth
19
50
500
2000
10000
120
30
Skeleton
20
51
400
400
500
30
10
Skeleton
20
52
400
400
500
30
10
Skeleton Captain
20
53
700
800
10000
50
30
Poisonous Monster Spider
21
54
500
1000
500
50
10
Large Centipede
22
55
800
500
500
60
10
Big Moth
23
56
300
6000
10000
70
30
Royal Guard
24
57
5000
5000
1000
60
100